realization,region,SU35_year_ref_time-mean,ci_name,ci_frequency,standard_name,units,mid_month
nan_GERICS_nan_nan_nan_nan_year_SU35,01001_01059_Region_um_Flensburg,0.004387373,SU35,year,days_with_air_temperature_above_or_equal_threshold,days,7
nan_GERICS_nan_nan_nan_nan_year_SU35,01001_Flensburg,0.0,SU35,year,days_with_air_temperature_above_or_equal_threshold,days,7
nan_GERICS_nan_nan_nan_nan_year_SU35,01002_01057_01058_Region_um_Kiel,0.020082273,SU35,year,days_with_air_temperature_above_or_equal_threshold,days,7
nan_GERICS_nan_nan_nan_nan_year_SU35,01002_Kiel,0.010293686,SU35,year,days_with_air_temperature_above_or_equal_threshold,days,7
nan_GERICS_nan_nan_nan_nan_year_SU35,01003_13074_01055_01053_01062_Region_um_Lübeck,0.07188395,SU35,year,days_with_air_temperature_above_or_equal_threshold,days,7
nan_GERICS_nan_nan_nan_nan_year_SU35,01003_Lübeck,0.13515645,SU35,year,days_with_air_temperature_above_or_equal_threshold,days,7
nan_GERICS_nan_nan_nan_nan_year_SU35,01004_01058_01060_01057_01002_Region_um_Neumünster,0.02741366,SU35,year,days_with_air_temperature_above_or_equal_threshold,days,7
nan_GERICS_nan_nan_nan_nan_year_SU35,01004_Neumünster,0.033333335,SU35,year,days_with_air_temperature_above_or_equal_threshold,days,7
nan_GERICS_nan_nan_nan_nan_year_SU35,01051_Dithmarschen,0.033333335,SU35,year,days_with_air_temperature_above_or_equal_threshold,days,7
nan_GERICS_nan_nan_nan_nan_year_SU35,01053_Herzogtum Lauenburg,0.12736958,SU35,year,days_with_air_temperature_above_or_equal_threshold,days,7
nan_GERICS_nan_nan_nan_nan_year_SU35,01054_Nordfriesland,0.014930455,SU35,year,days_with_air_temperature_above_or_equal_threshold,days,7
nan_GERICS_nan_nan_nan_nan_year_SU35,01055_Ostholstein,0.02586452,SU35,year,days_with_air_temperature_above_or_equal_threshold,days,7
nan_GERICS_nan_nan_nan_nan_year_SU35,01056_Pinneberg,0.04051753,SU35,year,days_with_air_temperature_above_or_equal_threshold,days,7
nan_GERICS_nan_nan_nan_nan_year_SU35,01057_Plön,0.012800151,SU35,year,days_with_air_temperature_above_or_equal_threshold,days,7
nan_GERICS_nan_nan_nan_nan_year_SU35,01058_Rendsburg-Eckernförde,0.024077823,SU35,year,days_with_air_temperature_above_or_equal_threshold,days,7
nan_GERICS_nan_nan_nan_nan_year_SU35,01059_Schleswig-Flensburg,0.004503427,SU35,year,days_with_air_temperature_above_or_equal_threshold,days,7
nan_GERICS_nan_nan_nan_nan_year_SU35,01060_Segeberg,0.04508624,SU35,year,days_with_air_temperature_above_or_equal_threshold,days,7
nan_GERICS_nan_nan_nan_nan_year_SU35,01061_Steinburg,0.04163904,SU35,year,days_with_air_temperature_above_or_equal_threshold,days,7
nan_GERICS_nan_nan_nan_nan_year_SU35,01062_Stormarn,0.121179424,SU35,year,days_with_air_temperature_above_or_equal_threshold,days,7
nan_GERICS_nan_nan_nan_nan_year_SU35,02000_Hamburg,0.0749611,SU35,year,days_with_air_temperature_above_or_equal_threshold,days,7
nan_GERICS_nan_nan_nan_nan_year_SU35,03101_03157_03154_03151_03102_03158_03103_Region_um_Braunschweig,0.11617618,SU35,year,days_with_air_temperature_above_or_equal_threshold,days,7
nan_GERICS_nan_nan_nan_nan_year_SU35,03101_Braunschweig,0.06881731,SU35,year,days_with_air_temperature_above_or_equal_threshold,days,7
nan_GERICS_nan_nan_nan_nan_year_SU35,03102_03254_03157_03158_03153_03101_Region_um_Salzgitter,0.07165803,SU35,year,days_with_air_temperature_above_or_equal_threshold,days,7
nan_GERICS_nan_nan_nan_nan_year_SU35,03102_Salzgitter,0.07056939,SU35,year,days_with_air_temperature_above_or_equal_threshold,days,7
nan_GERICS_nan_nan_nan_nan_year_SU35,03103_03154_03151_Region_um_Wolfsburg,0.13583224,SU35,year,days_with_air_temperature_above_or_equal_threshold,days,7
nan_GERICS_nan_nan_nan_nan_year_SU35,03103_Wolfsburg,0.15894686,SU35,year,days_with_air_temperature_above_or_equal_threshold,days,7
nan_GERICS_nan_nan_nan_nan_year_SU35,03151_Gifhorn,0.12853879,SU35,year,days_with_air_temperature_above_or_equal_threshold,days,7
nan_GERICS_nan_nan_nan_nan_year_SU35,03153_Goslar,0.034781836,SU35,year,days_with_air_temperature_above_or_equal_threshold,days,7
nan_GERICS_nan_nan_nan_nan_year_SU35,03154_Helmstedt,0.14570962,SU35,year,days_with_air_temperature_above_or_equal_threshold,days,7
nan_GERICS_nan_nan_nan_nan_year_SU35,03155_Northeim,0.05847996,SU35,year,days_with_air_temperature_above_or_equal_threshold,days,7
nan_GERICS_nan_nan_nan_nan_year_SU35,03157_Peine,0.09646595,SU35,year,days_with_air_temperature_above_or_equal_threshold,days,7
nan_GERICS_nan_nan_nan_nan_year_SU35,03158_Wolfenbüttel,0.09150453,SU35,year,days_with_air_temperature_above_or_equal_threshold,days,7
nan_GERICS_nan_nan_nan_nan_year_SU35,03159_Göttingen,0.05217971,SU35,year,days_with_air_temperature_above_or_equal_threshold,days,7
nan_GERICS_nan_nan_nan_nan_year_SU35,03241_Region Hannover,0.105823904,SU35,year,days_with_air_temperature_above_or_equal_threshold,days,7
nan_GERICS_nan_nan_nan_nan_year_SU35,03251_Diepholz,0.054856744,SU35,year,days_with_air_temperature_above_or_equal_threshold,days,7
nan_GERICS_nan_nan_nan_nan_year_SU35,03252_Hameln-Pyrmont,0.052967444,SU35,year,days_with_air_temperature_above_or_equal_threshold,days,7
nan_GERICS_nan_nan_nan_nan_year_SU35,03254_Hildesheim,0.07894336,SU35,year,days_with_air_temperature_above_or_equal_threshold,days,7
nan_GERICS_nan_nan_nan_nan_year_SU35,03255_Holzminden,0.05154949,SU35,year,days_with_air_temperature_above_or_equal_threshold,days,7
nan_GERICS_nan_nan_nan_nan_year_SU35,03256_Nienburg (Weser),0.080748245,SU35,year,days_with_air_temperature_above_or_equal_threshold,days,7
nan_GERICS_nan_nan_nan_nan_year_SU35,03257_Schaumburg,0.0905398,SU35,year,days_with_air_temperature_above_or_equal_threshold,days,7
nan_GERICS_nan_nan_nan_nan_year_SU35,03351_Celle,0.1480961,SU35,year,days_with_air_temperature_above_or_equal_threshold,days,7
nan_GERICS_nan_nan_nan_nan_year_SU35,03352_Cuxhaven,0.037644327,SU35,year,days_with_air_temperature_above_or_equal_threshold,days,7
nan_GERICS_nan_nan_nan_nan_year_SU35,03353_Harburg,0.07377853,SU35,year,days_with_air_temperature_above_or_equal_threshold,days,7
nan_GERICS_nan_nan_nan_nan_year_SU35,03354_Lüchow-Dannenberg,0.19025248,SU35,year,days_with_air_temperature_above_or_equal_threshold,days,7
nan_GERICS_nan_nan_nan_nan_year_SU35,03355_Lüneburg,0.14334558,SU35,year,days_with_air_temperature_above_or_equal_threshold,days,7
nan_GERICS_nan_nan_nan_nan_year_SU35,03356_Osterholz,0.041542944,SU35,year,days_with_air_temperature_above_or_equal_threshold,days,7
nan_GERICS_nan_nan_nan_nan_year_SU35,03357_Rotenburg (Wümme),0.04164527,SU35,year,days_with_air_temperature_above_or_equal_threshold,days,7
nan_GERICS_nan_nan_nan_nan_year_SU35,03358_Heidekreis,0.08371624,SU35,year,days_with_air_temperature_above_or_equal_threshold,days,7
nan_GERICS_nan_nan_nan_nan_year_SU35,03359_Stade,0.033333335,SU35,year,days_with_air_temperature_above_or_equal_threshold,days,7
nan_GERICS_nan_nan_nan_nan_year_SU35,03360_Uelzen,0.14072783,SU35,year,days_with_air_temperature_above_or_equal_threshold,days,7
nan_GERICS_nan_nan_nan_nan_year_SU35,03361_Verden,0.049311034,SU35,year,days_with_air_temperature_above_or_equal_threshold,days,7
nan_GERICS_nan_nan_nan_nan_year_SU35,03401_03458_04011_03251_03461_Region_um_Delmenhorst,0.056835227,SU35,year,days_with_air_temperature_above_or_equal_threshold,days,7
nan_GERICS_nan_nan_nan_nan_year_SU35,03401_Delmenhorst,0.033333335,SU35,year,days_with_air_temperature_above_or_equal_threshold,days,7
nan_GERICS_nan_nan_nan_nan_year_SU35,03402_03452_03457_Region_um_Emden,0.012146256,SU35,year,days_with_air_temperature_above_or_equal_threshold,days,7
nan_GERICS_nan_nan_nan_nan_year_SU35,03402_Emden,0.0,SU35,year,days_with_air_temperature_above_or_equal_threshold,days,7
nan_GERICS_nan_nan_nan_nan_year_SU35,03403_03458_03451_03461_Region_um_Oldenburg_(Oldenburg),0.06771066,SU35,year,days_with_air_temperature_above_or_equal_threshold,days,7
nan_GERICS_nan_nan_nan_nan_year_SU35,03403_Oldenburg (Oldb),0.16585591,SU35,year,days_with_air_temperature_above_or_equal_threshold,days,7
nan_GERICS_nan_nan_nan_nan_year_SU35,03404_03459_05566_Region_um_Osnabrück,0.020337997,SU35,year,days_with_air_temperature_above_or_equal_threshold,days,7
nan_GERICS_nan_nan_nan_nan_year_SU35,03404_Osnabrück,0.026892938,SU35,year,days_with_air_temperature_above_or_equal_threshold,days,7
nan_GERICS_nan_nan_nan_nan_year_SU35,03405_03455_Region_um_Wilhelmshaven,0.033333335,SU35,year,days_with_air_temperature_above_or_equal_threshold,days,7
nan_GERICS_nan_nan_nan_nan_year_SU35,03405_Wilhelmshaven,0.033333335,SU35,year,days_with_air_temperature_above_or_equal_threshold,days,7
nan_GERICS_nan_nan_nan_nan_year_SU35,03451_Ammerland,0.06747518,SU35,year,days_with_air_temperature_above_or_equal_threshold,days,7
nan_GERICS_nan_nan_nan_nan_year_SU35,03452_Aurich,0.011658555,SU35,year,days_with_air_temperature_above_or_equal_threshold,days,7
nan_GERICS_nan_nan_nan_nan_year_SU35,03453_Cloppenburg,0.03447486,SU35,year,days_with_air_temperature_above_or_equal_threshold,days,7
nan_GERICS_nan_nan_nan_nan_year_SU35,03454_Emsland,0.0025672507,SU35,year,days_with_air_temperature_above_or_equal_threshold,days,7
nan_GERICS_nan_nan_nan_nan_year_SU35,03455_Friesland,0.033333335,SU35,year,days_with_air_temperature_above_or_equal_threshold,days,7
nan_GERICS_nan_nan_nan_nan_year_SU35,03456_Grafschaft Bentheim,0.0032067846,SU35,year,days_with_air_temperature_above_or_equal_threshold,days,7
nan_GERICS_nan_nan_nan_nan_year_SU35,03457_Leer,0.01403075,SU35,year,days_with_air_temperature_above_or_equal_threshold,days,7
nan_GERICS_nan_nan_nan_nan_year_SU35,03458_Oldenburg,0.079815656,SU35,year,days_with_air_temperature_above_or_equal_threshold,days,7
nan_GERICS_nan_nan_nan_nan_year_SU35,03459_Osnabrück,0.030652387,SU35,year,days_with_air_temperature_above_or_equal_threshold,days,7
nan_GERICS_nan_nan_nan_nan_year_SU35,03460_Vechta,0.040881556,SU35,year,days_with_air_temperature_above_or_equal_threshold,days,7
nan_GERICS_nan_nan_nan_nan_year_SU35,03461_Wesermarsch,0.038394824,SU35,year,days_with_air_temperature_above_or_equal_threshold,days,7
nan_GERICS_nan_nan_nan_nan_year_SU35,03462_Wittmund,0.02428198,SU35,year,days_with_air_temperature_above_or_equal_threshold,days,7
nan_GERICS_nan_nan_nan_nan_year_SU35,04011_03361_03251_03401_03461_03356_03352_04012_Region_um_Bremen,0.0449026,SU35,year,days_with_air_temperature_above_or_equal_threshold,days,7
nan_GERICS_nan_nan_nan_nan_year_SU35,04011_Bremen,0.045110743,SU35,year,days_with_air_temperature_above_or_equal_threshold,days,7
nan_GERICS_nan_nan_nan_nan_year_SU35,04012_03352_03461_Region_um_Bremerhaven,0.037742328,SU35,year,days_with_air_temperature_above_or_equal_threshold,days,7
nan_GERICS_nan_nan_nan_nan_year_SU35,04012_Bremerhaven,0.033333335,SU35,year,days_with_air_temperature_above_or_equal_threshold,days,7
nan_GERICS_nan_nan_nan_nan_year_SU35,05111_05162_05158_05112_Region_um_Düsseldorf,0.22174196,SU35,year,days_with_air_temperature_above_or_equal_threshold,days,7
nan_GERICS_nan_nan_nan_nan_year_SU35,05111_Düsseldorf,0.2478611,SU35,year,days_with_air_temperature_above_or_equal_threshold,days,7
nan_GERICS_nan_nan_nan_nan_year_SU35,05112_05114_05119_05117_05170_05158_05111_Region_um_Duisburg,0.21822451,SU35,year,days_with_air_temperature_above_or_equal_threshold,days,7
nan_GERICS_nan_nan_nan_nan_year_SU35,05112_Duisburg,0.37062842,SU35,year,days_with_air_temperature_above_or_equal_threshold,days,7
nan_GERICS_nan_nan_nan_nan_year_SU35,05113_05119_05117_05513_05512_05158_05911_05954_05562_05513_05916_Region_um_Essen,0.07642933,SU35,year,days_with_air_temperature_above_or_equal_threshold,days,7
nan_GERICS_nan_nan_nan_nan_year_SU35,05113_Essen,0.04511195,SU35,year,days_with_air_temperature_above_or_equal_threshold,days,7
nan_GERICS_nan_nan_nan_nan_year_SU35,05114_05112_05162_05166_05170_Region_um_Krefeld,0.23527303,SU35,year,days_with_air_temperature_above_or_equal_threshold,days,7
nan_GERICS_nan_nan_nan_nan_year_SU35,05114_Krefeld,0.27889746,SU35,year,days_with_air_temperature_above_or_equal_threshold,days,7
nan_GERICS_nan_nan_nan_nan_year_SU35,05116_05370_05166_05162_Region_um_Mönchengladbach,0.21711414,SU35,year,days_with_air_temperature_above_or_equal_threshold,days,7
nan_GERICS_nan_nan_nan_nan_year_SU35,05116_Mönchengladbach,0.16887425,SU35,year,days_with_air_temperature_above_or_equal_threshold,days,7
nan_GERICS_nan_nan_nan_nan_year_SU35,05117_05112_05158_05119_05113_Region_um_Mülheim_an_der_Ruhr,0.16683741,SU35,year,days_with_air_temperature_above_or_equal_threshold,days,7
nan_GERICS_nan_nan_nan_nan_year_SU35,05117_Mülheim an der Ruhr,0.16371052,SU35,year,days_with_air_temperature_above_or_equal_threshold,days,7
nan_GERICS_nan_nan_nan_nan_year_SU35,05119_05170_05512_05113_05117_05112_Region_um_Oberhausen,0.20771109,SU35,year,days_with_air_temperature_above_or_equal_threshold,days,7
nan_GERICS_nan_nan_nan_nan_year_SU35,05119_Oberhausen,0.16561861,SU35,year,days_with_air_temperature_above_or_equal_threshold,days,7
nan_GERICS_nan_nan_nan_nan_year_SU35,05120_05124_05122_05378_05374_Region_um_Remscheid,0.009476174,SU35,year,days_with_air_temperature_above_or_equal_threshold,days,7
nan_GERICS_nan_nan_nan_nan_year_SU35,05120_Remscheid,0.0,SU35,year,days_with_air_temperature_above_or_equal_threshold,days,7
nan_GERICS_nan_nan_nan_nan_year_SU35,05122_05158_05124_05378_05120_Region_um_Solingen,0.052356247,SU35,year,days_with_air_temperature_above_or_equal_threshold,days,7
nan_GERICS_nan_nan_nan_nan_year_SU35,05122_Solingen,0.020196486,SU35,year,days_with_air_temperature_above_or_equal_threshold,days,7
nan_GERICS_nan_nan_nan_nan_year_SU35,05124_05122_05120_05158_05954_05374_Region_um_Wuppertal,0.024138924,SU35,year,days_with_air_temperature_above_or_equal_threshold,days,7
nan_GERICS_nan_nan_nan_nan_year_SU35,05124_Wuppertal,0.0,SU35,year,days_with_air_temperature_above_or_equal_threshold,days,7
nan_GERICS_nan_nan_nan_nan_year_SU35,05154_Kleve,0.16492167,SU35,year,days_with_air_temperature_above_or_equal_threshold,days,7
nan_GERICS_nan_nan_nan_nan_year_SU35,05158_Mettmann,0.112430096,SU35,year,days_with_air_temperature_above_or_equal_threshold,days,7
nan_GERICS_nan_nan_nan_nan_year_SU35,05162_Rhein-Kreis Neuss,0.22891848,SU35,year,days_with_air_temperature_above_or_equal_threshold,days,7
nan_GERICS_nan_nan_nan_nan_year_SU35,05166_Viersen,0.20261933,SU35,year,days_with_air_temperature_above_or_equal_threshold,days,7
nan_GERICS_nan_nan_nan_nan_year_SU35,05170_Wesel,0.22017983,SU35,year,days_with_air_temperature_above_or_equal_threshold,days,7
nan_GERICS_nan_nan_nan_nan_year_SU35,05314_05382_Region_um_Bonn,0.13693142,SU35,year,days_with_air_temperature_above_or_equal_threshold,days,7
nan_GERICS_nan_nan_nan_nan_year_SU35,05314_Bonn,0.29384068,SU35,year,days_with_air_temperature_above_or_equal_threshold,days,7
nan_GERICS_nan_nan_nan_nan_year_SU35,05315_Köln,0.27676752,SU35,year,days_with_air_temperature_above_or_equal_threshold,days,7
nan_GERICS_nan_nan_nan_nan_year_SU35,05316_05315_05378_05158_Region_um_Leverkusen,0.13703322,SU35,year,days_with_air_temperature_above_or_equal_threshold,days,7
nan_GERICS_nan_nan_nan_nan_year_SU35,05316_Leverkusen,0.14595015,SU35,year,days_with_air_temperature_above_or_equal_threshold,days,7
nan_GERICS_nan_nan_nan_nan_year_SU35,05334_Städteregion Aachen,0.07459592,SU35,year,days_with_air_temperature_above_or_equal_threshold,days,7
nan_GERICS_nan_nan_nan_nan_year_SU35,05358_Düren,0.15639518,SU35,year,days_with_air_temperature_above_or_equal_threshold,days,7
nan_GERICS_nan_nan_nan_nan_year_SU35,05362_Rhein-Erft-Kreis,0.24158424,SU35,year,days_with_air_temperature_above_or_equal_threshold,days,7
nan_GERICS_nan_nan_nan_nan_year_SU35,05366_Euskirchen,0.056703273,SU35,year,days_with_air_temperature_above_or_equal_threshold,days,7
nan_GERICS_nan_nan_nan_nan_year_SU35,05370_Heinsberg,0.23199876,SU35,year,days_with_air_temperature_above_or_equal_threshold,days,7
nan_GERICS_nan_nan_nan_nan_year_SU35,05374_Oberbergischer Kreis,0.0,SU35,year,days_with_air_temperature_above_or_equal_threshold,days,7
nan_GERICS_nan_nan_nan_nan_year_SU35,05378_Rheinisch-Bergischer Kreis,0.031844005,SU35,year,days_with_air_temperature_above_or_equal_threshold,days,7
nan_GERICS_nan_nan_nan_nan_year_SU35,05382_Rhein-Sieg-Kreis,0.11727312,SU35,year,days_with_air_temperature_above_or_equal_threshold,days,7
nan_GERICS_nan_nan_nan_nan_year_SU35,05512_05119_05513_05113_05170_05562_Region_um_Bottrop,0.14647041,SU35,year,days_with_air_temperature_above_or_equal_threshold,days,7
nan_GERICS_nan_nan_nan_nan_year_SU35,05512_Bottrop,0.10670485,SU35,year,days_with_air_temperature_above_or_equal_threshold,days,7
nan_GERICS_nan_nan_nan_nan_year_SU35,05513_05113_05916_05911_05562_05512_Region_um_Gelsenkirchen,0.07587481,SU35,year,days_with_air_temperature_above_or_equal_threshold,days,7
nan_GERICS_nan_nan_nan_nan_year_SU35,05513_Gelsenkirchen,0.09140412,SU35,year,days_with_air_temperature_above_or_equal_threshold,days,7
nan_GERICS_nan_nan_nan_nan_year_SU35,05515_05566_05558_05570_Region_um_Münster,0.024331292,SU35,year,days_with_air_temperature_above_or_equal_threshold,days,7
nan_GERICS_nan_nan_nan_nan_year_SU35,05515_Münster,0.018184135,SU35,year,days_with_air_temperature_above_or_equal_threshold,days,7
nan_GERICS_nan_nan_nan_nan_year_SU35,05554_Borken,0.0512673,SU35,year,days_with_air_temperature_above_or_equal_threshold,days,7
nan_GERICS_nan_nan_nan_nan_year_SU35,05558_Coesfeld,0.030371815,SU35,year,days_with_air_temperature_above_or_equal_threshold,days,7
nan_GERICS_nan_nan_nan_nan_year_SU35,05562_Recklinghausen,0.08370667,SU35,year,days_with_air_temperature_above_or_equal_threshold,days,7
nan_GERICS_nan_nan_nan_nan_year_SU35,05566_Steinfurt,0.0077686314,SU35,year,days_with_air_temperature_above_or_equal_threshold,days,7
nan_GERICS_nan_nan_nan_nan_year_SU35,05570_Warendorf,0.043172702,SU35,year,days_with_air_temperature_above_or_equal_threshold,days,7
nan_GERICS_nan_nan_nan_nan_year_SU35,05711_05754_05758_05766_Region_um_Bielefeld,0.057201225,SU35,year,days_with_air_temperature_above_or_equal_threshold,days,7
nan_GERICS_nan_nan_nan_nan_year_SU35,05711_Bielefeld,0.06666667,SU35,year,days_with_air_temperature_above_or_equal_threshold,days,7
nan_GERICS_nan_nan_nan_nan_year_SU35,05754_Gütersloh,0.074308,SU35,year,days_with_air_temperature_above_or_equal_threshold,days,7
nan_GERICS_nan_nan_nan_nan_year_SU35,05758_Herford,0.067993216,SU35,year,days_with_air_temperature_above_or_equal_threshold,days,7
nan_GERICS_nan_nan_nan_nan_year_SU35,05762_Höxter,0.039289903,SU35,year,days_with_air_temperature_above_or_equal_threshold,days,7
nan_GERICS_nan_nan_nan_nan_year_SU35,05766_Lippe,0.037963144,SU35,year,days_with_air_temperature_above_or_equal_threshold,days,7
nan_GERICS_nan_nan_nan_nan_year_SU35,05770_Minden-Lübbecke,0.117568985,SU35,year,days_with_air_temperature_above_or_equal_threshold,days,7
nan_GERICS_nan_nan_nan_nan_year_SU35,05774_Paderborn,0.042595204,SU35,year,days_with_air_temperature_above_or_equal_threshold,days,7
nan_GERICS_nan_nan_nan_nan_year_SU35,05911_05954_05913_05513_05113_05916_05562_Region_um_Bochum,0.05415096,SU35,year,days_with_air_temperature_above_or_equal_threshold,days,7
nan_GERICS_nan_nan_nan_nan_year_SU35,05911_Bochum,0.04846332,SU35,year,days_with_air_temperature_above_or_equal_threshold,days,7
nan_GERICS_nan_nan_nan_nan_year_SU35,05913_05914_05911_05916_05978_05954_05562_Region_um_Dortmund,0.04568005,SU35,year,days_with_air_temperature_above_or_equal_threshold,days,7
nan_GERICS_nan_nan_nan_nan_year_SU35,05913_Dortmund,0.038597725,SU35,year,days_with_air_temperature_above_or_equal_threshold,days,7
nan_GERICS_nan_nan_nan_nan_year_SU35,05914_05954_05913_05978_05962_Region_um_Hagen,0.0140220625,SU35,year,days_with_air_temperature_above_or_equal_threshold,days,7
nan_GERICS_nan_nan_nan_nan_year_SU35,05914_Hagen,0.0,SU35,year,days_with_air_temperature_above_or_equal_threshold,days,7
nan_GERICS_nan_nan_nan_nan_year_SU35,05915_05978_05974_05570_05558_Region_um_Hamm,0.03781817,SU35,year,days_with_air_temperature_above_or_equal_threshold,days,7
nan_GERICS_nan_nan_nan_nan_year_SU35,05915_Hamm,0.0468454,SU35,year,days_with_air_temperature_above_or_equal_threshold,days,7
nan_GERICS_nan_nan_nan_nan_year_SU35,05916_05513_05562_05911_Region_um_Herne,0.07893654,SU35,year,days_with_air_temperature_above_or_equal_threshold,days,7
nan_GERICS_nan_nan_nan_nan_year_SU35,05916_Herne,0.06666667,SU35,year,days_with_air_temperature_above_or_equal_threshold,days,7
nan_GERICS_nan_nan_nan_nan_year_SU35,05954_Ennepe-Ruhr-Kreis,0.0040785954,SU35,year,days_with_air_temperature_above_or_equal_threshold,days,7
nan_GERICS_nan_nan_nan_nan_year_SU35,05958_Hochsauerlandkreis,0.0011246797,SU35,year,days_with_air_temperature_above_or_equal_threshold,days,7
nan_GERICS_nan_nan_nan_nan_year_SU35,05962_Märkischer Kreis,0.0017053558,SU35,year,days_with_air_temperature_above_or_equal_threshold,days,7
nan_GERICS_nan_nan_nan_nan_year_SU35,05966_Olpe,0.0,SU35,year,days_with_air_temperature_above_or_equal_threshold,days,7
nan_GERICS_nan_nan_nan_nan_year_SU35,05970_Siegen-Wittgenstein,0.0,SU35,year,days_with_air_temperature_above_or_equal_threshold,days,7
nan_GERICS_nan_nan_nan_nan_year_SU35,05974_Soest,0.037179556,SU35,year,days_with_air_temperature_above_or_equal_threshold,days,7
nan_GERICS_nan_nan_nan_nan_year_SU35,05978_Unna,0.037652425,SU35,year,days_with_air_temperature_above_or_equal_threshold,days,7
nan_GERICS_nan_nan_nan_nan_year_SU35,06411_06432_06438_Region_um_Darmstadt,0.43765172,SU35,year,days_with_air_temperature_above_or_equal_threshold,days,7
nan_GERICS_nan_nan_nan_nan_year_SU35,06411_Darmstadt,0.49106112,SU35,year,days_with_air_temperature_above_or_equal_threshold,days,7
nan_GERICS_nan_nan_nan_nan_year_SU35,06412_06413_06436_06434_06440_06435_06438_06433_Region_um_Frankfurt_am_Main,0.2571122,SU35,year,days_with_air_temperature_above_or_equal_threshold,days,7
nan_GERICS_nan_nan_nan_nan_year_SU35,06412_Frankfurt am Main,0.45763063,SU35,year,days_with_air_temperature_above_or_equal_threshold,days,7
nan_GERICS_nan_nan_nan_nan_year_SU35,06413_06438_06435_06412_Region_um_Offenbach_am_Main,0.25965104,SU35,year,days_with_air_temperature_above_or_equal_threshold,days,7
nan_GERICS_nan_nan_nan_nan_year_SU35,06413_Offenbach am Main,0.50684315,SU35,year,days_with_air_temperature_above_or_equal_threshold,days,7
nan_GERICS_nan_nan_nan_nan_year_SU35,06414_07315_07339_06439_06436_06433_Region_um_Wiesbaden,0.31292474,SU35,year,days_with_air_temperature_above_or_equal_threshold,days,7
nan_GERICS_nan_nan_nan_nan_year_SU35,06414_Wiesbaden,0.34261474,SU35,year,days_with_air_temperature_above_or_equal_threshold,days,7
nan_GERICS_nan_nan_nan_nan_year_SU35,06431_Bergstraße,0.33446893,SU35,year,days_with_air_temperature_above_or_equal_threshold,days,7
nan_GERICS_nan_nan_nan_nan_year_SU35,06432_Darmstadt-Dieburg,0.38092995,SU35,year,days_with_air_temperature_above_or_equal_threshold,days,7
nan_GERICS_nan_nan_nan_nan_year_SU35,06433_Groß-Gerau,0.7082511,SU35,year,days_with_air_temperature_above_or_equal_threshold,days,7
nan_GERICS_nan_nan_nan_nan_year_SU35,06434_Hochtaunuskreis,0.061848585,SU35,year,days_with_air_temperature_above_or_equal_threshold,days,7
nan_GERICS_nan_nan_nan_nan_year_SU35,06435_Main-Kinzig-Kreis,0.14997067,SU35,year,days_with_air_temperature_above_or_equal_threshold,days,7
nan_GERICS_nan_nan_nan_nan_year_SU35,06436_06412_06414_06433_06439_06434_Region_um_Main-Taunus-Kreis,0.2609773,SU35,year,days_with_air_temperature_above_or_equal_threshold,days,7
nan_GERICS_nan_nan_nan_nan_year_SU35,06436_Main-Taunus-Kreis,0.29705748,SU35,year,days_with_air_temperature_above_or_equal_threshold,days,7
nan_GERICS_nan_nan_nan_nan_year_SU35,06437_Odenwaldkreis,0.06714153,SU35,year,days_with_air_temperature_above_or_equal_threshold,days,7
nan_GERICS_nan_nan_nan_nan_year_SU35,06438_06432_06411_06433_06413_06435_06412_09671_Region_um_Offenbach,0.32058975,SU35,year,days_with_air_temperature_above_or_equal_threshold,days,7
nan_GERICS_nan_nan_nan_nan_year_SU35,06438_Offenbach,0.5280339,SU35,year,days_with_air_temperature_above_or_equal_threshold,days,7
nan_GERICS_nan_nan_nan_nan_year_SU35,06439_Rheingau-Taunus-Kreis,0.042170756,SU35,year,days_with_air_temperature_above_or_equal_threshold,days,7
nan_GERICS_nan_nan_nan_nan_year_SU35,06440_Wetteraukreis,0.14439598,SU35,year,days_with_air_temperature_above_or_equal_threshold,days,7
nan_GERICS_nan_nan_nan_nan_year_SU35,06531_Gießen,0.049867664,SU35,year,days_with_air_temperature_above_or_equal_threshold,days,7
nan_GERICS_nan_nan_nan_nan_year_SU35,06532_Lahn-Dill-Kreis,0.025112478,SU35,year,days_with_air_temperature_above_or_equal_threshold,days,7
nan_GERICS_nan_nan_nan_nan_year_SU35,06533_Limburg-Weilburg,0.08256779,SU35,year,days_with_air_temperature_above_or_equal_threshold,days,7
nan_GERICS_nan_nan_nan_nan_year_SU35,06534_Marburg-Biedenkopf,0.0050433506,SU35,year,days_with_air_temperature_above_or_equal_threshold,days,7
nan_GERICS_nan_nan_nan_nan_year_SU35,06535_Vogelsbergkreis,0.0050797015,SU35,year,days_with_air_temperature_above_or_equal_threshold,days,7
nan_GERICS_nan_nan_nan_nan_year_SU35,06611_06633_03159_Region_um_Kassel,0.043298982,SU35,year,days_with_air_temperature_above_or_equal_threshold,days,7
nan_GERICS_nan_nan_nan_nan_year_SU35,06611_Kassel,0.052498333,SU35,year,days_with_air_temperature_above_or_equal_threshold,days,7
nan_GERICS_nan_nan_nan_nan_year_SU35,06631_Fulda,0.0033495273,SU35,year,days_with_air_temperature_above_or_equal_threshold,days,7
nan_GERICS_nan_nan_nan_nan_year_SU35,06632_Hersfeld-Rotenburg,0.04937587,SU35,year,days_with_air_temperature_above_or_equal_threshold,days,7
nan_GERICS_nan_nan_nan_nan_year_SU35,06633_Kassel,0.030184392,SU35,year,days_with_air_temperature_above_or_equal_threshold,days,7
nan_GERICS_nan_nan_nan_nan_year_SU35,06634_Schwalm-Eder-Kreis,0.029558234,SU35,year,days_with_air_temperature_above_or_equal_threshold,days,7
nan_GERICS_nan_nan_nan_nan_year_SU35,06635_Waldeck-Frankenberg,0.0063922694,SU35,year,days_with_air_temperature_above_or_equal_threshold,days,7
nan_GERICS_nan_nan_nan_nan_year_SU35,06636_Werra-Meißner-Kreis,0.056000892,SU35,year,days_with_air_temperature_above_or_equal_threshold,days,7
nan_GERICS_nan_nan_nan_nan_year_SU35,07111_07137_07141_07143_Region_um_Koblenz,0.09022062,SU35,year,days_with_air_temperature_above_or_equal_threshold,days,7
nan_GERICS_nan_nan_nan_nan_year_SU35,07111_Koblenz,0.334909,SU35,year,days_with_air_temperature_above_or_equal_threshold,days,7
nan_GERICS_nan_nan_nan_nan_year_SU35,07131_Ahrweiler,0.05265296,SU35,year,days_with_air_temperature_above_or_equal_threshold,days,7
nan_GERICS_nan_nan_nan_nan_year_SU35,07132_Altenkirchen (Westerwald),0.0065078,SU35,year,days_with_air_temperature_above_or_equal_threshold,days,7
nan_GERICS_nan_nan_nan_nan_year_SU35,07133_Bad Kreuznach,0.0937729,SU35,year,days_with_air_temperature_above_or_equal_threshold,days,7
nan_GERICS_nan_nan_nan_nan_year_SU35,07134_Birkenfeld,0.023582539,SU35,year,days_with_air_temperature_above_or_equal_threshold,days,7
nan_GERICS_nan_nan_nan_nan_year_SU35,07135_Cochem-Zell,0.08559451,SU35,year,days_with_air_temperature_above_or_equal_threshold,days,7
nan_GERICS_nan_nan_nan_nan_year_SU35,07137_Mayen-Koblenz,0.15265077,SU35,year,days_with_air_temperature_above_or_equal_threshold,days,7
nan_GERICS_nan_nan_nan_nan_year_SU35,07138_Neuwied,0.106875755,SU35,year,days_with_air_temperature_above_or_equal_threshold,days,7
nan_GERICS_nan_nan_nan_nan_year_SU35,07140_Rhein-Hunsrück-Kreis,0.035077024,SU35,year,days_with_air_temperature_above_or_equal_threshold,days,7
nan_GERICS_nan_nan_nan_nan_year_SU35,07141_Rhein-Lahn-Kreis,0.0637517,SU35,year,days_with_air_temperature_above_or_equal_threshold,days,7
nan_GERICS_nan_nan_nan_nan_year_SU35,07143_Westerwaldkreis,0.032635335,SU35,year,days_with_air_temperature_above_or_equal_threshold,days,7
nan_GERICS_nan_nan_nan_nan_year_SU35,07211_07235_Region_um_Trier,0.11875566,SU35,year,days_with_air_temperature_above_or_equal_threshold,days,7
nan_GERICS_nan_nan_nan_nan_year_SU35,07211_Trier,0.27651575,SU35,year,days_with_air_temperature_above_or_equal_threshold,days,7
nan_GERICS_nan_nan_nan_nan_year_SU35,07231_Bernkastel-Wittlich,0.108990476,SU35,year,days_with_air_temperature_above_or_equal_threshold,days,7
nan_GERICS_nan_nan_nan_nan_year_SU35,07232_Eifelkreis Bitburg-Prüm,0.022011222,SU35,year,days_with_air_temperature_above_or_equal_threshold,days,7
nan_GERICS_nan_nan_nan_nan_year_SU35,07233_Vulkaneifel,0.0011662862,SU35,year,days_with_air_temperature_above_or_equal_threshold,days,7
nan_GERICS_nan_nan_nan_nan_year_SU35,07235_Trier-Saarburg,0.1009285,SU35,year,days_with_air_temperature_above_or_equal_threshold,days,7
nan_GERICS_nan_nan_nan_nan_year_SU35,07311_07318_07314_07338_08222_Region_um_Frankenthal_(Pfalz),0.5853847,SU35,year,days_with_air_temperature_above_or_equal_threshold,days,7
nan_GERICS_nan_nan_nan_nan_year_SU35,07311_Frankenthal (Pfalz),0.521986,SU35,year,days_with_air_temperature_above_or_equal_threshold,days,7
nan_GERICS_nan_nan_nan_nan_year_SU35,07312_07335_07332_Region_um_Kaiserslautern,0.16223389,SU35,year,days_with_air_temperature_above_or_equal_threshold,days,7
nan_GERICS_nan_nan_nan_nan_year_SU35,07312_Kaiserslautern,0.2269759,SU35,year,days_with_air_temperature_above_or_equal_threshold,days,7
nan_GERICS_nan_nan_nan_nan_year_SU35,07313_07337_Region_um_Landau_in_der_Pfalz,0.2228183,SU35,year,days_with_air_temperature_above_or_equal_threshold,days,7
nan_GERICS_nan_nan_nan_nan_year_SU35,07313_Landau in der Pfalz,0.2127931,SU35,year,days_with_air_temperature_above_or_equal_threshold,days,7
nan_GERICS_nan_nan_nan_nan_year_SU35,07314_07311_07338_08222_Region_um_Ludwigshafen_am_Rhein,0.58157575,SU35,year,days_with_air_temperature_above_or_equal_threshold,days,7
nan_GERICS_nan_nan_nan_nan_year_SU35,07314_Ludwigshafen am Rhein,0.5976639,SU35,year,days_with_air_temperature_above_or_equal_threshold,days,7
nan_GERICS_nan_nan_nan_nan_year_SU35,07315_07339_06414_06433_Region_um_Mainz,0.47806823,SU35,year,days_with_air_temperature_above_or_equal_threshold,days,7
nan_GERICS_nan_nan_nan_nan_year_SU35,07315_Mainz,0.59301984,SU35,year,days_with_air_temperature_above_or_equal_threshold,days,7
nan_GERICS_nan_nan_nan_nan_year_SU35,07316_07337_07332_07313_Region_um_Neustadt_an_der_Weinstraße,0.21035671,SU35,year,days_with_air_temperature_above_or_equal_threshold,days,7
nan_GERICS_nan_nan_nan_nan_year_SU35,07316_Neustadt an der Weinstraße,0.21038741,SU35,year,days_with_air_temperature_above_or_equal_threshold,days,7
nan_GERICS_nan_nan_nan_nan_year_SU35,07317_07340_Region_um_Pirmasens,0.0037708015,SU35,year,days_with_air_temperature_above_or_equal_threshold,days,7
nan_GERICS_nan_nan_nan_nan_year_SU35,07317_Pirmasens,0.0,SU35,year,days_with_air_temperature_above_or_equal_threshold,days,7
nan_GERICS_nan_nan_nan_nan_year_SU35,07318_07311_07314_07338_08215_08226_08212_Region_um_Speyer,0.4801893,SU35,year,days_with_air_temperature_above_or_equal_threshold,days,7
nan_GERICS_nan_nan_nan_nan_year_SU35,07318_Speyer,0.640805,SU35,year,days_with_air_temperature_above_or_equal_threshold,days,7
nan_GERICS_nan_nan_nan_nan_year_SU35,07319_07331_07332_06431_07338_07311_07318_07314_Region_um_Worms,0.3498334,SU35,year,days_with_air_temperature_above_or_equal_threshold,days,7
nan_GERICS_nan_nan_nan_nan_year_SU35,07319_Worms,0.55557007,SU35,year,days_with_air_temperature_above_or_equal_threshold,days,7
nan_GERICS_nan_nan_nan_nan_year_SU35,07320_07340_10045_07317_Region_um_Zweibrücken,0.020543046,SU35,year,days_with_air_temperature_above_or_equal_threshold,days,7
nan_GERICS_nan_nan_nan_nan_year_SU35,07320_Zweibrücken,0.03125436,SU35,year,days_with_air_temperature_above_or_equal_threshold,days,7
nan_GERICS_nan_nan_nan_nan_year_SU35,07331_Alzey-Worms,0.3111672,SU35,year,days_with_air_temperature_above_or_equal_threshold,days,7
nan_GERICS_nan_nan_nan_nan_year_SU35,07332_Bad Dürkheim,0.19554192,SU35,year,days_with_air_temperature_above_or_equal_threshold,days,7
nan_GERICS_nan_nan_nan_nan_year_SU35,07333_Donnersbergkreis,0.09681729,SU35,year,days_with_air_temperature_above_or_equal_threshold,days,7
nan_GERICS_nan_nan_nan_nan_year_SU35,07334_Germersheim,0.76370823,SU35,year,days_with_air_temperature_above_or_equal_threshold,days,7
nan_GERICS_nan_nan_nan_nan_year_SU35,07335_Kaiserslautern,0.11513313,SU35,year,days_with_air_temperature_above_or_equal_threshold,days,7
nan_GERICS_nan_nan_nan_nan_year_SU35,07336_Kusel,0.08312859,SU35,year,days_with_air_temperature_above_or_equal_threshold,days,7
nan_GERICS_nan_nan_nan_nan_year_SU35,07337_Südliche Weinstraße,0.22425364,SU35,year,days_with_air_temperature_above_or_equal_threshold,days,7
nan_GERICS_nan_nan_nan_nan_year_SU35,07338_07311_07318_07314_08222_08226_08215_07334_07337_07313_07316_07332_07319_08221_08212_Region_um_Rhein-Pfalz-Kreis,0.43119487,SU35,year,days_with_air_temperature_above_or_equal_threshold,days,7
nan_GERICS_nan_nan_nan_nan_year_SU35,07338_Rhein-Pfalz-Kreis,0.5640793,SU35,year,days_with_air_temperature_above_or_equal_threshold,days,7
nan_GERICS_nan_nan_nan_nan_year_SU35,07339_Mainz-Bingen,0.33516732,SU35,year,days_with_air_temperature_above_or_equal_threshold,days,7
nan_GERICS_nan_nan_nan_nan_year_SU35,07340_Südwestpfalz,0.004032514,SU35,year,days_with_air_temperature_above_or_equal_threshold,days,7
nan_GERICS_nan_nan_nan_nan_year_SU35,08111_08115_08116_08118_08119_Region_um_Stuttgart,0.19996901,SU35,year,days_with_air_temperature_above_or_equal_threshold,days,7
nan_GERICS_nan_nan_nan_nan_year_SU35,08111_Stuttgart,0.24922332,SU35,year,days_with_air_temperature_above_or_equal_threshold,days,7
nan_GERICS_nan_nan_nan_nan_year_SU35,08115_Böblingen,0.15647583,SU35,year,days_with_air_temperature_above_or_equal_threshold,days,7
nan_GERICS_nan_nan_nan_nan_year_SU35,08116_Esslingen,0.23186454,SU35,year,days_with_air_temperature_above_or_equal_threshold,days,7
nan_GERICS_nan_nan_nan_nan_year_SU35,08117_Göppingen,0.07748238,SU35,year,days_with_air_temperature_above_or_equal_threshold,days,7
nan_GERICS_nan_nan_nan_nan_year_SU35,08118_Ludwigsburg,0.2769647,SU35,year,days_with_air_temperature_above_or_equal_threshold,days,7
nan_GERICS_nan_nan_nan_nan_year_SU35,08119_Rems-Murr-Kreis,0.13361003,SU35,year,days_with_air_temperature_above_or_equal_threshold,days,7
nan_GERICS_nan_nan_nan_nan_year_SU35,08121_08125_Region_um_Heilbronn,0.31267133,SU35,year,days_with_air_temperature_above_or_equal_threshold,days,7
nan_GERICS_nan_nan_nan_nan_year_SU35,08121_Heilbronn,0.42184225,SU35,year,days_with_air_temperature_above_or_equal_threshold,days,7
nan_GERICS_nan_nan_nan_nan_year_SU35,08125_Heilbronn,0.3020113,SU35,year,days_with_air_temperature_above_or_equal_threshold,days,7
nan_GERICS_nan_nan_nan_nan_year_SU35,08126_Hohenlohekreis,0.24095513,SU35,year,days_with_air_temperature_above_or_equal_threshold,days,7
nan_GERICS_nan_nan_nan_nan_year_SU35,08127_Schwäbisch Hall,0.15091069,SU35,year,days_with_air_temperature_above_or_equal_threshold,days,7
nan_GERICS_nan_nan_nan_nan_year_SU35,08128_Main-Tauber-Kreis,0.21690343,SU35,year,days_with_air_temperature_above_or_equal_threshold,days,7
nan_GERICS_nan_nan_nan_nan_year_SU35,08135_Heidenheim,0.0362864,SU35,year,days_with_air_temperature_above_or_equal_threshold,days,7
nan_GERICS_nan_nan_nan_nan_year_SU35,08136_Ostalbkreis,0.08164475,SU35,year,days_with_air_temperature_above_or_equal_threshold,days,7
nan_GERICS_nan_nan_nan_nan_year_SU35,08211_08216_Region_um_Baden-Baden,0.30967534,SU35,year,days_with_air_temperature_above_or_equal_threshold,days,7
nan_GERICS_nan_nan_nan_nan_year_SU35,08211_Baden-Baden,0.21613064,SU35,year,days_with_air_temperature_above_or_equal_threshold,days,7
nan_GERICS_nan_nan_nan_nan_year_SU35,08212_08215_07334_Region_um_Karlsruhe,0.6400021,SU35,year,days_with_air_temperature_above_or_equal_threshold,days,7
nan_GERICS_nan_nan_nan_nan_year_SU35,08212_Karlsruhe,0.9353044,SU35,year,days_with_air_temperature_above_or_equal_threshold,days,7
nan_GERICS_nan_nan_nan_nan_year_SU35,08215_Karlsruhe,0.53930163,SU35,year,days_with_air_temperature_above_or_equal_threshold,days,7
nan_GERICS_nan_nan_nan_nan_year_SU35,08216_Rastatt,0.32716182,SU35,year,days_with_air_temperature_above_or_equal_threshold,days,7
nan_GERICS_nan_nan_nan_nan_year_SU35,08221_08226_08222_Region_um_Heidelberg,0.3376893,SU35,year,days_with_air_temperature_above_or_equal_threshold,days,7
nan_GERICS_nan_nan_nan_nan_year_SU35,08221_Heidelberg,0.31053713,SU35,year,days_with_air_temperature_above_or_equal_threshold,days,7
nan_GERICS_nan_nan_nan_nan_year_SU35,08222_08221_08226_06431_07338_07311_07318_07314_Region_um_Mannheim,0.38110027,SU35,year,days_with_air_temperature_above_or_equal_threshold,days,7
nan_GERICS_nan_nan_nan_nan_year_SU35,08222_Mannheim,0.6268433,SU35,year,days_with_air_temperature_above_or_equal_threshold,days,7
nan_GERICS_nan_nan_nan_nan_year_SU35,08225_Neckar-Odenwald-Kreis,0.15003778,SU35,year,days_with_air_temperature_above_or_equal_threshold,days,7
nan_GERICS_nan_nan_nan_nan_year_SU35,08226_Rhein-Neckar-Kreis,0.29999578,SU35,year,days_with_air_temperature_above_or_equal_threshold,days,7
nan_GERICS_nan_nan_nan_nan_year_SU35,08231_08236_08235_Region_um_Pforzheim,0.07618084,SU35,year,days_with_air_temperature_above_or_equal_threshold,days,7
nan_GERICS_nan_nan_nan_nan_year_SU35,08231_Pforzheim,0.08628772,SU35,year,days_with_air_temperature_above_or_equal_threshold,days,7
nan_GERICS_nan_nan_nan_nan_year_SU35,08235_Calw,0.01294032,SU35,year,days_with_air_temperature_above_or_equal_threshold,days,7
nan_GERICS_nan_nan_nan_nan_year_SU35,08236_Enzkreis,0.16226755,SU35,year,days_with_air_temperature_above_or_equal_threshold,days,7
nan_GERICS_nan_nan_nan_nan_year_SU35,08237_Freudenstadt,0.038655564,SU35,year,days_with_air_temperature_above_or_equal_threshold,days,7
nan_GERICS_nan_nan_nan_nan_year_SU35,08311_08316_08315_Region_um_Freiburg_im_Breisgau,0.19970316,SU35,year,days_with_air_temperature_above_or_equal_threshold,days,7
nan_GERICS_nan_nan_nan_nan_year_SU35,08311_Freiburg im Breisgau,0.3668871,SU35,year,days_with_air_temperature_above_or_equal_threshold,days,7
nan_GERICS_nan_nan_nan_nan_year_SU35,08315_Breisgau-Hochschwarzwald,0.19562078,SU35,year,days_with_air_temperature_above_or_equal_threshold,days,7
nan_GERICS_nan_nan_nan_nan_year_SU35,08316_Emmendingen,0.16794954,SU35,year,days_with_air_temperature_above_or_equal_threshold,days,7
nan_GERICS_nan_nan_nan_nan_year_SU35,08317_Ortenaukreis,0.2053298,SU35,year,days_with_air_temperature_above_or_equal_threshold,days,7
nan_GERICS_nan_nan_nan_nan_year_SU35,08325_Rottweil,0.050015602,SU35,year,days_with_air_temperature_above_or_equal_threshold,days,7
nan_GERICS_nan_nan_nan_nan_year_SU35,08326_Schwarzwald-Baar-Kreis,0.002189264,SU35,year,days_with_air_temperature_above_or_equal_threshold,days,7
nan_GERICS_nan_nan_nan_nan_year_SU35,08327_Tuttlingen,0.008890986,SU35,year,days_with_air_temperature_above_or_equal_threshold,days,7
nan_GERICS_nan_nan_nan_nan_year_SU35,08335_Konstanz,0.038369276,SU35,year,days_with_air_temperature_above_or_equal_threshold,days,7
nan_GERICS_nan_nan_nan_nan_year_SU35,08336_Lörrach,0.12768893,SU35,year,days_with_air_temperature_above_or_equal_threshold,days,7
nan_GERICS_nan_nan_nan_nan_year_SU35,08337_Waldshut,0.041139923,SU35,year,days_with_air_temperature_above_or_equal_threshold,days,7
nan_GERICS_nan_nan_nan_nan_year_SU35,08415_Reutlingen,0.09234117,SU35,year,days_with_air_temperature_above_or_equal_threshold,days,7
nan_GERICS_nan_nan_nan_nan_year_SU35,08416_Tübingen,0.24180447,SU35,year,days_with_air_temperature_above_or_equal_threshold,days,7
nan_GERICS_nan_nan_nan_nan_year_SU35,08417_Zollernalbkreis,0.05572457,SU35,year,days_with_air_temperature_above_or_equal_threshold,days,7
nan_GERICS_nan_nan_nan_nan_year_SU35,08421_08425_09775_Region_um_Ulm,0.06478981,SU35,year,days_with_air_temperature_above_or_equal_threshold,days,7
nan_GERICS_nan_nan_nan_nan_year_SU35,08421_Ulm,0.06666667,SU35,year,days_with_air_temperature_above_or_equal_threshold,days,7
nan_GERICS_nan_nan_nan_nan_year_SU35,08425_Alb-Donau-Kreis,0.059362963,SU35,year,days_with_air_temperature_above_or_equal_threshold,days,7
nan_GERICS_nan_nan_nan_nan_year_SU35,08426_Biberach,0.08683793,SU35,year,days_with_air_temperature_above_or_equal_threshold,days,7
nan_GERICS_nan_nan_nan_nan_year_SU35,08435_Bodenseekreis,0.042189527,SU35,year,days_with_air_temperature_above_or_equal_threshold,days,7
nan_GERICS_nan_nan_nan_nan_year_SU35,08436_Ravensburg,0.04372589,SU35,year,days_with_air_temperature_above_or_equal_threshold,days,7
nan_GERICS_nan_nan_nan_nan_year_SU35,08437_Sigmaringen,0.033542257,SU35,year,days_with_air_temperature_above_or_equal_threshold,days,7
nan_GERICS_nan_nan_nan_nan_year_SU35,09161_09176_09185_09186_Region_um_Ingolstadt,0.11959013,SU35,year,days_with_air_temperature_above_or_equal_threshold,days,7
nan_GERICS_nan_nan_nan_nan_year_SU35,09161_Ingolstadt,0.14723977,SU35,year,days_with_air_temperature_above_or_equal_threshold,days,7
nan_GERICS_nan_nan_nan_nan_year_SU35,09162_09184_09179_09174_Region_um_München,0.07089663,SU35,year,days_with_air_temperature_above_or_equal_threshold,days,7
nan_GERICS_nan_nan_nan_nan_year_SU35,09162_München,0.077157244,SU35,year,days_with_air_temperature_above_or_equal_threshold,days,7
nan_GERICS_nan_nan_nan_nan_year_SU35,09163_09187_Region_um_Rosenheim,0.048310034,SU35,year,days_with_air_temperature_above_or_equal_threshold,days,7
nan_GERICS_nan_nan_nan_nan_year_SU35,09163_Rosenheim,0.06666667,SU35,year,days_with_air_temperature_above_or_equal_threshold,days,7
nan_GERICS_nan_nan_nan_nan_year_SU35,09171_Altötting,0.058156062,SU35,year,days_with_air_temperature_above_or_equal_threshold,days,7
nan_GERICS_nan_nan_nan_nan_year_SU35,09172_Berchtesgadener Land,0.026846113,SU35,year,days_with_air_temperature_above_or_equal_threshold,days,7
nan_GERICS_nan_nan_nan_nan_year_SU35,09173_Bad Tölz-Wolfratshausen,0.0136628905,SU35,year,days_with_air_temperature_above_or_equal_threshold,days,7
nan_GERICS_nan_nan_nan_nan_year_SU35,09174_Dachau,0.0964514,SU35,year,days_with_air_temperature_above_or_equal_threshold,days,7
nan_GERICS_nan_nan_nan_nan_year_SU35,09175_Ebersberg,0.03634053,SU35,year,days_with_air_temperature_above_or_equal_threshold,days,7
nan_GERICS_nan_nan_nan_nan_year_SU35,09176_Eichstätt,0.1118542,SU35,year,days_with_air_temperature_above_or_equal_threshold,days,7
nan_GERICS_nan_nan_nan_nan_year_SU35,09177_Erding,0.051341895,SU35,year,days_with_air_temperature_above_or_equal_threshold,days,7
nan_GERICS_nan_nan_nan_nan_year_SU35,09178_Freising,0.07970242,SU35,year,days_with_air_temperature_above_or_equal_threshold,days,7
nan_GERICS_nan_nan_nan_nan_year_SU35,09179_Fürstenfeldbruck,0.06631322,SU35,year,days_with_air_temperature_above_or_equal_threshold,days,7
nan_GERICS_nan_nan_nan_nan_year_SU35,09180_Garmisch-Partenkirchen,0.0048414688,SU35,year,days_with_air_temperature_above_or_equal_threshold,days,7
nan_GERICS_nan_nan_nan_nan_year_SU35,09181_Landsberg am Lech,0.03588702,SU35,year,days_with_air_temperature_above_or_equal_threshold,days,7
nan_GERICS_nan_nan_nan_nan_year_SU35,09182_Miesbach,0.008749042,SU35,year,days_with_air_temperature_above_or_equal_threshold,days,7
nan_GERICS_nan_nan_nan_nan_year_SU35,09183_Mühldorf a. Inn,0.052651115,SU35,year,days_with_air_temperature_above_or_equal_threshold,days,7
nan_GERICS_nan_nan_nan_nan_year_SU35,09184_München,0.04823116,SU35,year,days_with_air_temperature_above_or_equal_threshold,days,7
nan_GERICS_nan_nan_nan_nan_year_SU35,09185_Neuburg-Schrobenhausen,0.12598567,SU35,year,days_with_air_temperature_above_or_equal_threshold,days,7
nan_GERICS_nan_nan_nan_nan_year_SU35,09186_Pfaffenhofen a.d. Ilm,0.120735615,SU35,year,days_with_air_temperature_above_or_equal_threshold,days,7
nan_GERICS_nan_nan_nan_nan_year_SU35,09187_Rosenheim,0.047801133,SU35,year,days_with_air_temperature_above_or_equal_threshold,days,7
nan_GERICS_nan_nan_nan_nan_year_SU35,09188_Starnberg,0.047997538,SU35,year,days_with_air_temperature_above_or_equal_threshold,days,7
nan_GERICS_nan_nan_nan_nan_year_SU35,09189_Traunstein,0.03602008,SU35,year,days_with_air_temperature_above_or_equal_threshold,days,7
nan_GERICS_nan_nan_nan_nan_year_SU35,09190_Weilheim-Schongau,0.027797034,SU35,year,days_with_air_temperature_above_or_equal_threshold,days,7
nan_GERICS_nan_nan_nan_nan_year_SU35,09261_09274_Region_um_Landshut,0.08093862,SU35,year,days_with_air_temperature_above_or_equal_threshold,days,7
nan_GERICS_nan_nan_nan_nan_year_SU35,09261_Landshut,0.08996404,SU35,year,days_with_air_temperature_above_or_equal_threshold,days,7
nan_GERICS_nan_nan_nan_nan_year_SU35,09262_09275_Region_um_Passau,0.06136648,SU35,year,days_with_air_temperature_above_or_equal_threshold,days,7
nan_GERICS_nan_nan_nan_nan_year_SU35,09262_Passau,0.06666667,SU35,year,days_with_air_temperature_above_or_equal_threshold,days,7
nan_GERICS_nan_nan_nan_nan_year_SU35,09263_09278_Region_um_Straubing,0.062008757,SU35,year,days_with_air_temperature_above_or_equal_threshold,days,7
nan_GERICS_nan_nan_nan_nan_year_SU35,09263_Straubing,0.06783489,SU35,year,days_with_air_temperature_above_or_equal_threshold,days,7
nan_GERICS_nan_nan_nan_nan_year_SU35,09271_Deggendorf,0.046386503,SU35,year,days_with_air_temperature_above_or_equal_threshold,days,7
nan_GERICS_nan_nan_nan_nan_year_SU35,09272_Freyung-Grafenau,0.012098666,SU35,year,days_with_air_temperature_above_or_equal_threshold,days,7
nan_GERICS_nan_nan_nan_nan_year_SU35,09273_Kelheim,0.10806411,SU35,year,days_with_air_temperature_above_or_equal_threshold,days,7
nan_GERICS_nan_nan_nan_nan_year_SU35,09274_Landshut,0.08045542,SU35,year,days_with_air_temperature_above_or_equal_threshold,days,7
nan_GERICS_nan_nan_nan_nan_year_SU35,09275_Passau,0.061120782,SU35,year,days_with_air_temperature_above_or_equal_threshold,days,7
nan_GERICS_nan_nan_nan_nan_year_SU35,09276_Regen,0.022464877,SU35,year,days_with_air_temperature_above_or_equal_threshold,days,7
nan_GERICS_nan_nan_nan_nan_year_SU35,09277_Rottal-Inn,0.04656755,SU35,year,days_with_air_temperature_above_or_equal_threshold,days,7
nan_GERICS_nan_nan_nan_nan_year_SU35,09278_Straubing-Bogen,0.061664436,SU35,year,days_with_air_temperature_above_or_equal_threshold,days,7
nan_GERICS_nan_nan_nan_nan_year_SU35,09279_Dingolfing-Landau,0.06666667,SU35,year,days_with_air_temperature_above_or_equal_threshold,days,7
nan_GERICS_nan_nan_nan_nan_year_SU35,09361_09371_Region_um_Amberg,0.08836545,SU35,year,days_with_air_temperature_above_or_equal_threshold,days,7
nan_GERICS_nan_nan_nan_nan_year_SU35,09361_Amberg,0.15914983,SU35,year,days_with_air_temperature_above_or_equal_threshold,days,7
nan_GERICS_nan_nan_nan_nan_year_SU35,09362_09375_Region_um_Regensburg,0.090332605,SU35,year,days_with_air_temperature_above_or_equal_threshold,days,7
nan_GERICS_nan_nan_nan_nan_year_SU35,09362_Regensburg,0.15079387,SU35,year,days_with_air_temperature_above_or_equal_threshold,days,7
nan_GERICS_nan_nan_nan_nan_year_SU35,09363_09374_Region_um_Weiden_in_der_Oberpfalz,0.04017464,SU35,year,days_with_air_temperature_above_or_equal_threshold,days,7
nan_GERICS_nan_nan_nan_nan_year_SU35,09363_Weiden i.d. OPf.,0.05700982,SU35,year,days_with_air_temperature_above_or_equal_threshold,days,7
nan_GERICS_nan_nan_nan_nan_year_SU35,09371_Amberg-Sulzbach,0.08541167,SU35,year,days_with_air_temperature_above_or_equal_threshold,days,7
nan_GERICS_nan_nan_nan_nan_year_SU35,09372_Cham,0.043000545,SU35,year,days_with_air_temperature_above_or_equal_threshold,days,7
nan_GERICS_nan_nan_nan_nan_year_SU35,09373_Neumarkt i.d. OPf.,0.080930494,SU35,year,days_with_air_temperature_above_or_equal_threshold,days,7
nan_GERICS_nan_nan_nan_nan_year_SU35,09374_Neustadt a.d. Waldnaab,0.039317843,SU35,year,days_with_air_temperature_above_or_equal_threshold,days,7
nan_GERICS_nan_nan_nan_nan_year_SU35,09375_Regensburg,0.08653111,SU35,year,days_with_air_temperature_above_or_equal_threshold,days,7
nan_GERICS_nan_nan_nan_nan_year_SU35,09376_Schwandorf,0.06950311,SU35,year,days_with_air_temperature_above_or_equal_threshold,days,7
nan_GERICS_nan_nan_nan_nan_year_SU35,09377_Tirschenreuth,0.028313415,SU35,year,days_with_air_temperature_above_or_equal_threshold,days,7
nan_GERICS_nan_nan_nan_nan_year_SU35,09461_09471_Region_um_Bamberg,0.13623302,SU35,year,days_with_air_temperature_above_or_equal_threshold,days,7
nan_GERICS_nan_nan_nan_nan_year_SU35,09461_Bamberg,0.2271697,SU35,year,days_with_air_temperature_above_or_equal_threshold,days,7
nan_GERICS_nan_nan_nan_nan_year_SU35,09462_09472_Region_um_Bayreuth,0.028691437,SU35,year,days_with_air_temperature_above_or_equal_threshold,days,7
nan_GERICS_nan_nan_nan_nan_year_SU35,09462_Bayreuth,0.07268377,SU35,year,days_with_air_temperature_above_or_equal_threshold,days,7
nan_GERICS_nan_nan_nan_nan_year_SU35,09463_09473_Region_um_Coburg,0.07845844,SU35,year,days_with_air_temperature_above_or_equal_threshold,days,7
nan_GERICS_nan_nan_nan_nan_year_SU35,09463_Coburg,0.12686162,SU35,year,days_with_air_temperature_above_or_equal_threshold,days,7
nan_GERICS_nan_nan_nan_nan_year_SU35,09464_09475_Region_um_Hof,0.0,SU35,year,days_with_air_temperature_above_or_equal_threshold,days,7
nan_GERICS_nan_nan_nan_nan_year_SU35,09464_Hof,0.0,SU35,year,days_with_air_temperature_above_or_equal_threshold,days,7
nan_GERICS_nan_nan_nan_nan_year_SU35,09471_Bamberg,0.13174579,SU35,year,days_with_air_temperature_above_or_equal_threshold,days,7
nan_GERICS_nan_nan_nan_nan_year_SU35,09472_Bayreuth,0.02625748,SU35,year,days_with_air_temperature_above_or_equal_threshold,days,7
nan_GERICS_nan_nan_nan_nan_year_SU35,09473_Coburg,0.07488589,SU35,year,days_with_air_temperature_above_or_equal_threshold,days,7
nan_GERICS_nan_nan_nan_nan_year_SU35,09474_Forchheim,0.08244562,SU35,year,days_with_air_temperature_above_or_equal_threshold,days,7
nan_GERICS_nan_nan_nan_nan_year_SU35,09475_Hof,0.0,SU35,year,days_with_air_temperature_above_or_equal_threshold,days,7
nan_GERICS_nan_nan_nan_nan_year_SU35,09476_Kronach,0.035982426,SU35,year,days_with_air_temperature_above_or_equal_threshold,days,7
nan_GERICS_nan_nan_nan_nan_year_SU35,09477_Kulmbach,0.06110537,SU35,year,days_with_air_temperature_above_or_equal_threshold,days,7
nan_GERICS_nan_nan_nan_nan_year_SU35,09478_Lichtenfels,0.10786411,SU35,year,days_with_air_temperature_above_or_equal_threshold,days,7
nan_GERICS_nan_nan_nan_nan_year_SU35,09479_Wunsiedel i. Fichtelgebirge,0.010738661,SU35,year,days_with_air_temperature_above_or_equal_threshold,days,7
nan_GERICS_nan_nan_nan_nan_year_SU35,09561_09571_Region_um_Ansbach,0.16024382,SU35,year,days_with_air_temperature_above_or_equal_threshold,days,7
nan_GERICS_nan_nan_nan_nan_year_SU35,09561_Ansbach,0.14447369,SU35,year,days_with_air_temperature_above_or_equal_threshold,days,7
nan_GERICS_nan_nan_nan_nan_year_SU35,09562_09572_09564_09563_Region_um_Erlangen,0.24685396,SU35,year,days_with_air_temperature_above_or_equal_threshold,days,7
nan_GERICS_nan_nan_nan_nan_year_SU35,09562_Erlangen,0.23642752,SU35,year,days_with_air_temperature_above_or_equal_threshold,days,7
nan_GERICS_nan_nan_nan_nan_year_SU35,09563_09573_09562_09564_Region_um_Fürth,0.27693886,SU35,year,days_with_air_temperature_above_or_equal_threshold,days,7
nan_GERICS_nan_nan_nan_nan_year_SU35,09563_Fürth,0.3144792,SU35,year,days_with_air_temperature_above_or_equal_threshold,days,7
nan_GERICS_nan_nan_nan_nan_year_SU35,09564_09563_09574_09565_09573_09572_09576_09562_Region_um_Nürnberg,0.19776209,SU35,year,days_with_air_temperature_above_or_equal_threshold,days,7
nan_GERICS_nan_nan_nan_nan_year_SU35,09564_Nürnberg,0.35046145,SU35,year,days_with_air_temperature_above_or_equal_threshold,days,7
nan_GERICS_nan_nan_nan_nan_year_SU35,09565_09576_09564_Region_um_Schwabach,0.23278888,SU35,year,days_with_air_temperature_above_or_equal_threshold,days,7
nan_GERICS_nan_nan_nan_nan_year_SU35,09565_Schwabach,0.35301334,SU35,year,days_with_air_temperature_above_or_equal_threshold,days,7
nan_GERICS_nan_nan_nan_nan_year_SU35,09571_Ansbach,0.16109891,SU35,year,days_with_air_temperature_above_or_equal_threshold,days,7
nan_GERICS_nan_nan_nan_nan_year_SU35,09572_Erlangen-Höchstadt,0.20834227,SU35,year,days_with_air_temperature_above_or_equal_threshold,days,7
nan_GERICS_nan_nan_nan_nan_year_SU35,09573_09572_09562_09563_09574_09565_09576_09561_09571_09575_09564_Region_um_Fürth,0.18466456,SU35,year,days_with_air_temperature_above_or_equal_threshold,days,7
nan_GERICS_nan_nan_nan_nan_year_SU35,09573_Fürth,0.23643821,SU35,year,days_with_air_temperature_above_or_equal_threshold,days,7
nan_GERICS_nan_nan_nan_nan_year_SU35,09574_Nürnberger Land,0.1130256,SU35,year,days_with_air_temperature_above_or_equal_threshold,days,7
nan_GERICS_nan_nan_nan_nan_year_SU35,09575_Neustadt a.d. Aisch-Bad Windsheim,0.19375116,SU35,year,days_with_air_temperature_above_or_equal_threshold,days,7
nan_GERICS_nan_nan_nan_nan_year_SU35,09576_Roth,0.20356005,SU35,year,days_with_air_temperature_above_or_equal_threshold,days,7
nan_GERICS_nan_nan_nan_nan_year_SU35,09577_Weißenburg-Gunzenhausen,0.13869384,SU35,year,days_with_air_temperature_above_or_equal_threshold,days,7
nan_GERICS_nan_nan_nan_nan_year_SU35,09661_09671_09676_Region_um_Aschaffenburg,0.16820511,SU35,year,days_with_air_temperature_above_or_equal_threshold,days,7
nan_GERICS_nan_nan_nan_nan_year_SU35,09661_Aschaffenburg,0.3747061,SU35,year,days_with_air_temperature_above_or_equal_threshold,days,7
nan_GERICS_nan_nan_nan_nan_year_SU35,09662_09678_Region_um_Schweinfurt,0.31301203,SU35,year,days_with_air_temperature_above_or_equal_threshold,days,7
nan_GERICS_nan_nan_nan_nan_year_SU35,09662_Schweinfurt,0.43333334,SU35,year,days_with_air_temperature_above_or_equal_threshold,days,7
nan_GERICS_nan_nan_nan_nan_year_SU35,09663_09679_Region_um_Würzburg,0.2604153,SU35,year,days_with_air_temperature_above_or_equal_threshold,days,7
nan_GERICS_nan_nan_nan_nan_year_SU35,09663_Würzburg,0.3459584,SU35,year,days_with_air_temperature_above_or_equal_threshold,days,7
nan_GERICS_nan_nan_nan_nan_year_SU35,09671_Aschaffenburg,0.15792908,SU35,year,days_with_air_temperature_above_or_equal_threshold,days,7
nan_GERICS_nan_nan_nan_nan_year_SU35,09672_Bad Kissingen,0.14181314,SU35,year,days_with_air_temperature_above_or_equal_threshold,days,7
nan_GERICS_nan_nan_nan_nan_year_SU35,09673_Rhön-Grabfeld,0.06702165,SU35,year,days_with_air_temperature_above_or_equal_threshold,days,7
nan_GERICS_nan_nan_nan_nan_year_SU35,09674_Haßberge,0.12180817,SU35,year,days_with_air_temperature_above_or_equal_threshold,days,7
nan_GERICS_nan_nan_nan_nan_year_SU35,09675_Kitzingen,0.34375268,SU35,year,days_with_air_temperature_above_or_equal_threshold,days,7
nan_GERICS_nan_nan_nan_nan_year_SU35,09676_Miltenberg,0.15876143,SU35,year,days_with_air_temperature_above_or_equal_threshold,days,7
nan_GERICS_nan_nan_nan_nan_year_SU35,09677_Main-Spessart,0.13661857,SU35,year,days_with_air_temperature_above_or_equal_threshold,days,7
nan_GERICS_nan_nan_nan_nan_year_SU35,09678_Schweinfurt,0.30783007,SU35,year,days_with_air_temperature_above_or_equal_threshold,days,7
nan_GERICS_nan_nan_nan_nan_year_SU35,09679_Würzburg,0.25170648,SU35,year,days_with_air_temperature_above_or_equal_threshold,days,7
nan_GERICS_nan_nan_nan_nan_year_SU35,09761_09772_09771_Region_um_Augsburg,0.08058152,SU35,year,days_with_air_temperature_above_or_equal_threshold,days,7
nan_GERICS_nan_nan_nan_nan_year_SU35,09761_Augsburg,0.093813546,SU35,year,days_with_air_temperature_above_or_equal_threshold,days,7
nan_GERICS_nan_nan_nan_nan_year_SU35,09762_09777_Region_um_Kaufbeuren,0.009511537,SU35,year,days_with_air_temperature_above_or_equal_threshold,days,7
nan_GERICS_nan_nan_nan_nan_year_SU35,09762_Kaufbeuren,0.004957222,SU35,year,days_with_air_temperature_above_or_equal_threshold,days,7
nan_GERICS_nan_nan_nan_nan_year_SU35,09763_09780_Region_um_Kempten_(Allgäu),0.0005000293,SU35,year,days_with_air_temperature_above_or_equal_threshold,days,7
nan_GERICS_nan_nan_nan_nan_year_SU35,09763_Kempten (Allgäu),0.0,SU35,year,days_with_air_temperature_above_or_equal_threshold,days,7
nan_GERICS_nan_nan_nan_nan_year_SU35,09764_09778_08436_Region_um_Memmingen,0.044224143,SU35,year,days_with_air_temperature_above_or_equal_threshold,days,7
nan_GERICS_nan_nan_nan_nan_year_SU35,09764_Memmingen,0.073108,SU35,year,days_with_air_temperature_above_or_equal_threshold,days,7
nan_GERICS_nan_nan_nan_nan_year_SU35,09771_Aichach-Friedberg,0.093291685,SU35,year,days_with_air_temperature_above_or_equal_threshold,days,7
nan_GERICS_nan_nan_nan_nan_year_SU35,09772_Augsburg,0.06959719,SU35,year,days_with_air_temperature_above_or_equal_threshold,days,7
nan_GERICS_nan_nan_nan_nan_year_SU35,09773_Dillingen a.d. Donau,0.1159903,SU35,year,days_with_air_temperature_above_or_equal_threshold,days,7
nan_GERICS_nan_nan_nan_nan_year_SU35,09774_Günzburg,0.060765225,SU35,year,days_with_air_temperature_above_or_equal_threshold,days,7
nan_GERICS_nan_nan_nan_nan_year_SU35,09775_Neu-Ulm,0.0785879,SU35,year,days_with_air_temperature_above_or_equal_threshold,days,7
nan_GERICS_nan_nan_nan_nan_year_SU35,09776_08435_08436_09780_09763_Region_um_Lindau_(Bodensee),0.025121374,SU35,year,days_with_air_temperature_above_or_equal_threshold,days,7
nan_GERICS_nan_nan_nan_nan_year_SU35,09776_Lindau (Bodensee),0.01756999,SU35,year,days_with_air_temperature_above_or_equal_threshold,days,7
nan_GERICS_nan_nan_nan_nan_year_SU35,09777_Ostallgäu,0.009652409,SU35,year,days_with_air_temperature_above_or_equal_threshold,days,7
nan_GERICS_nan_nan_nan_nan_year_SU35,09778_Unterallgäu,0.043087326,SU35,year,days_with_air_temperature_above_or_equal_threshold,days,7
nan_GERICS_nan_nan_nan_nan_year_SU35,09779_Donau-Ries,0.0886193,SU35,year,days_with_air_temperature_above_or_equal_threshold,days,7
nan_GERICS_nan_nan_nan_nan_year_SU35,09780_Oberallgäu,0.0005219677,SU35,year,days_with_air_temperature_above_or_equal_threshold,days,7
nan_GERICS_nan_nan_nan_nan_year_SU35,10041_Regionalverband Saarbrücken,0.12205602,SU35,year,days_with_air_temperature_above_or_equal_threshold,days,7
nan_GERICS_nan_nan_nan_nan_year_SU35,10042_Merzig-Wadern,0.09275167,SU35,year,days_with_air_temperature_above_or_equal_threshold,days,7
nan_GERICS_nan_nan_nan_nan_year_SU35,10043_10044_10045_10041_10046_07336_Region_um_Neunkirchen,0.09109549,SU35,year,days_with_air_temperature_above_or_equal_threshold,days,7
nan_GERICS_nan_nan_nan_nan_year_SU35,10043_Neunkirchen,0.040705644,SU35,year,days_with_air_temperature_above_or_equal_threshold,days,7
nan_GERICS_nan_nan_nan_nan_year_SU35,10044_Saarlouis,0.19605845,SU35,year,days_with_air_temperature_above_or_equal_threshold,days,7
nan_GERICS_nan_nan_nan_nan_year_SU35,10045_Saarpfalz-Kreis,0.05946761,SU35,year,days_with_air_temperature_above_or_equal_threshold,days,7
nan_GERICS_nan_nan_nan_nan_year_SU35,10046_St. Wendel,0.02594047,SU35,year,days_with_air_temperature_above_or_equal_threshold,days,7
nan_GERICS_nan_nan_nan_nan_year_SU35,11000_Berlin,0.4957817,SU35,year,days_with_air_temperature_above_or_equal_threshold,days,7
nan_GERICS_nan_nan_nan_nan_year_SU35,12051_12063_12069_Region_um_Brandenburg_an_der_Havel,0.47494766,SU35,year,days_with_air_temperature_above_or_equal_threshold,days,7
nan_GERICS_nan_nan_nan_nan_year_SU35,12051_Brandenburg an der Havel,0.5427007,SU35,year,days_with_air_temperature_above_or_equal_threshold,days,7
nan_GERICS_nan_nan_nan_nan_year_SU35,12052_12071_Region_um_Cottbus,0.65228343,SU35,year,days_with_air_temperature_above_or_equal_threshold,days,7
nan_GERICS_nan_nan_nan_nan_year_SU35,12052_Cottbus,0.6965671,SU35,year,days_with_air_temperature_above_or_equal_threshold,days,7
nan_GERICS_nan_nan_nan_nan_year_SU35,12053_12067_12064_Region_um_Frankfurt_(Oder),0.56235594,SU35,year,days_with_air_temperature_above_or_equal_threshold,days,7
nan_GERICS_nan_nan_nan_nan_year_SU35,12053_Frankfurt (Oder),0.59444016,SU35,year,days_with_air_temperature_above_or_equal_threshold,days,7
nan_GERICS_nan_nan_nan_nan_year_SU35,12054_12063_12069_11000_12051_Region_um_Potsdam,0.4814499,SU35,year,days_with_air_temperature_above_or_equal_threshold,days,7
nan_GERICS_nan_nan_nan_nan_year_SU35,12054_Potsdam,0.57004076,SU35,year,days_with_air_temperature_above_or_equal_threshold,days,7
nan_GERICS_nan_nan_nan_nan_year_SU35,12060_Barnim,0.4180761,SU35,year,days_with_air_temperature_above_or_equal_threshold,days,7
nan_GERICS_nan_nan_nan_nan_year_SU35,12061_Dahme-Spreewald,0.61500376,SU35,year,days_with_air_temperature_above_or_equal_threshold,days,7
nan_GERICS_nan_nan_nan_nan_year_SU35,12062_Elbe-Elster,0.5351216,SU35,year,days_with_air_temperature_above_or_equal_threshold,days,7
nan_GERICS_nan_nan_nan_nan_year_SU35,12063_Havelland,0.3960209,SU35,year,days_with_air_temperature_above_or_equal_threshold,days,7
nan_GERICS_nan_nan_nan_nan_year_SU35,12064_Märkisch-Oderland,0.52564085,SU35,year,days_with_air_temperature_above_or_equal_threshold,days,7
nan_GERICS_nan_nan_nan_nan_year_SU35,12065_Oberhavel,0.27388382,SU35,year,days_with_air_temperature_above_or_equal_threshold,days,7
nan_GERICS_nan_nan_nan_nan_year_SU35,12066_Oberspreewald-Lausitz,0.62062544,SU35,year,days_with_air_temperature_above_or_equal_threshold,days,7
nan_GERICS_nan_nan_nan_nan_year_SU35,12067_Oder-Spree,0.5951685,SU35,year,days_with_air_temperature_above_or_equal_threshold,days,7
nan_GERICS_nan_nan_nan_nan_year_SU35,12068_Ostprignitz-Ruppin,0.15045844,SU35,year,days_with_air_temperature_above_or_equal_threshold,days,7
nan_GERICS_nan_nan_nan_nan_year_SU35,12069_Potsdam-Mittelmark,0.52153766,SU35,year,days_with_air_temperature_above_or_equal_threshold,days,7
nan_GERICS_nan_nan_nan_nan_year_SU35,12070_Prignitz,0.18377136,SU35,year,days_with_air_temperature_above_or_equal_threshold,days,7
nan_GERICS_nan_nan_nan_nan_year_SU35,12071_Spree-Neiße,0.6477631,SU35,year,days_with_air_temperature_above_or_equal_threshold,days,7
nan_GERICS_nan_nan_nan_nan_year_SU35,12072_Teltow-Fläming,0.5387904,SU35,year,days_with_air_temperature_above_or_equal_threshold,days,7
nan_GERICS_nan_nan_nan_nan_year_SU35,12073_Uckermark,0.2976685,SU35,year,days_with_air_temperature_above_or_equal_threshold,days,7
nan_GERICS_nan_nan_nan_nan_year_SU35,13003_13072_Region_um_Rostock,0.101990856,SU35,year,days_with_air_temperature_above_or_equal_threshold,days,7
nan_GERICS_nan_nan_nan_nan_year_SU35,13003_Rostock,0.048704512,SU35,year,days_with_air_temperature_above_or_equal_threshold,days,7
nan_GERICS_nan_nan_nan_nan_year_SU35,13004_13076_13074_Region_um_Schwerin,0.103933126,SU35,year,days_with_air_temperature_above_or_equal_threshold,days,7
nan_GERICS_nan_nan_nan_nan_year_SU35,13004_Schwerin,0.07601193,SU35,year,days_with_air_temperature_above_or_equal_threshold,days,7
nan_GERICS_nan_nan_nan_nan_year_SU35,13071_Mecklenburgische Seenplatte,0.22248033,SU35,year,days_with_air_temperature_above_or_equal_threshold,days,7
nan_GERICS_nan_nan_nan_nan_year_SU35,13072_Rostock,0.10465498,SU35,year,days_with_air_temperature_above_or_equal_threshold,days,7
nan_GERICS_nan_nan_nan_nan_year_SU35,13073_Vorpommern-Rügen,0.07622107,SU35,year,days_with_air_temperature_above_or_equal_threshold,days,7
nan_GERICS_nan_nan_nan_nan_year_SU35,13074_Nordwestmecklenburg,0.039572857,SU35,year,days_with_air_temperature_above_or_equal_threshold,days,7
nan_GERICS_nan_nan_nan_nan_year_SU35,13075_Vorpommern-Greifswald,0.1758163,SU35,year,days_with_air_temperature_above_or_equal_threshold,days,7
nan_GERICS_nan_nan_nan_nan_year_SU35,13076_Ludwigslust-Parchim,0.13186961,SU35,year,days_with_air_temperature_above_or_equal_threshold,days,7
nan_GERICS_nan_nan_nan_nan_year_SU35,14511_14524_14521_14522_Region_um_Chemnitz,0.042105872,SU35,year,days_with_air_temperature_above_or_equal_threshold,days,7
nan_GERICS_nan_nan_nan_nan_year_SU35,14511_Chemnitz,0.022089127,SU35,year,days_with_air_temperature_above_or_equal_threshold,days,7
nan_GERICS_nan_nan_nan_nan_year_SU35,14521_Erzgebirgskreis,0.00082652125,SU35,year,days_with_air_temperature_above_or_equal_threshold,days,7
nan_GERICS_nan_nan_nan_nan_year_SU35,14522_Mittelsachsen,0.059605196,SU35,year,days_with_air_temperature_above_or_equal_threshold,days,7
nan_GERICS_nan_nan_nan_nan_year_SU35,14523_Vogtlandkreis,0.016588585,SU35,year,days_with_air_temperature_above_or_equal_threshold,days,7
nan_GERICS_nan_nan_nan_nan_year_SU35,14524_Zwickau,0.08807275,SU35,year,days_with_air_temperature_above_or_equal_threshold,days,7
nan_GERICS_nan_nan_nan_nan_year_SU35,14612_14627_14625_14628_Region_um_Dresden,0.33623236,SU35,year,days_with_air_temperature_above_or_equal_threshold,days,7
nan_GERICS_nan_nan_nan_nan_year_SU35,14612_Dresden,0.44086498,SU35,year,days_with_air_temperature_above_or_equal_threshold,days,7
nan_GERICS_nan_nan_nan_nan_year_SU35,14625_Bautzen,0.41988796,SU35,year,days_with_air_temperature_above_or_equal_threshold,days,7
nan_GERICS_nan_nan_nan_nan_year_SU35,14626_Görlitz,0.31190872,SU35,year,days_with_air_temperature_above_or_equal_threshold,days,7
nan_GERICS_nan_nan_nan_nan_year_SU35,14627_Meißen,0.44555637,SU35,year,days_with_air_temperature_above_or_equal_threshold,days,7
nan_GERICS_nan_nan_nan_nan_year_SU35,14628_Sächsische Schweiz-Osterzgebirge,0.098352686,SU35,year,days_with_air_temperature_above_or_equal_threshold,days,7
nan_GERICS_nan_nan_nan_nan_year_SU35,14713_14729_14730_Region_um_Leipzig,0.39703357,SU35,year,days_with_air_temperature_above_or_equal_threshold,days,7
nan_GERICS_nan_nan_nan_nan_year_SU35,14713_Leipzig,0.4146914,SU35,year,days_with_air_temperature_above_or_equal_threshold,days,7
nan_GERICS_nan_nan_nan_nan_year_SU35,14729_Leipzig,0.3559669,SU35,year,days_with_air_temperature_above_or_equal_threshold,days,7
nan_GERICS_nan_nan_nan_nan_year_SU35,14730_Nordsachsen,0.42756692,SU35,year,days_with_air_temperature_above_or_equal_threshold,days,7
nan_GERICS_nan_nan_nan_nan_year_SU35,15001_15091_15082_Region_um_Dessau-Rolau,0.4585946,SU35,year,days_with_air_temperature_above_or_equal_threshold,days,7
nan_GERICS_nan_nan_nan_nan_year_SU35,15001_Dessau-Roßlau,0.45165652,SU35,year,days_with_air_temperature_above_or_equal_threshold,days,7
nan_GERICS_nan_nan_nan_nan_year_SU35,15002_15088_Region_um_Halle_(Saale),0.30687803,SU35,year,days_with_air_temperature_above_or_equal_threshold,days,7
nan_GERICS_nan_nan_nan_nan_year_SU35,15002_Halle (Saale),0.32348233,SU35,year,days_with_air_temperature_above_or_equal_threshold,days,7
nan_GERICS_nan_nan_nan_nan_year_SU35,15003_15083_15089_15086_Region_um_Magdeburg,0.29738176,SU35,year,days_with_air_temperature_above_or_equal_threshold,days,7
nan_GERICS_nan_nan_nan_nan_year_SU35,15003_Magdeburg,0.29726997,SU35,year,days_with_air_temperature_above_or_equal_threshold,days,7
nan_GERICS_nan_nan_nan_nan_year_SU35,15081_Altmarkkreis Salzwedel,0.2036754,SU35,year,days_with_air_temperature_above_or_equal_threshold,days,7
nan_GERICS_nan_nan_nan_nan_year_SU35,15082_Anhalt-Bitterfeld,0.3725638,SU35,year,days_with_air_temperature_above_or_equal_threshold,days,7
nan_GERICS_nan_nan_nan_nan_year_SU35,15083_Börde,0.21708877,SU35,year,days_with_air_temperature_above_or_equal_threshold,days,7
nan_GERICS_nan_nan_nan_nan_year_SU35,15084_Burgenlandkreis,0.3029342,SU35,year,days_with_air_temperature_above_or_equal_threshold,days,7
nan_GERICS_nan_nan_nan_nan_year_SU35,15085_Harz,0.08642892,SU35,year,days_with_air_temperature_above_or_equal_threshold,days,7
nan_GERICS_nan_nan_nan_nan_year_SU35,15086_Jerichower Land,0.37532553,SU35,year,days_with_air_temperature_above_or_equal_threshold,days,7
nan_GERICS_nan_nan_nan_nan_year_SU35,15087_Mansfeld-Südharz,0.14241424,SU35,year,days_with_air_temperature_above_or_equal_threshold,days,7
nan_GERICS_nan_nan_nan_nan_year_SU35,15088_Saalekreis,0.30524957,SU35,year,days_with_air_temperature_above_or_equal_threshold,days,7
nan_GERICS_nan_nan_nan_nan_year_SU35,15089_Salzlandkreis,0.34367684,SU35,year,days_with_air_temperature_above_or_equal_threshold,days,7
nan_GERICS_nan_nan_nan_nan_year_SU35,15090_Stendal,0.2876811,SU35,year,days_with_air_temperature_above_or_equal_threshold,days,7
nan_GERICS_nan_nan_nan_nan_year_SU35,15091_Wittenberg,0.5235903,SU35,year,days_with_air_temperature_above_or_equal_threshold,days,7
nan_GERICS_nan_nan_nan_nan_year_SU35,16051_16067_16068_16070_16071_16055_Region_um_Erfurt,0.13365144,SU35,year,days_with_air_temperature_above_or_equal_threshold,days,7
nan_GERICS_nan_nan_nan_nan_year_SU35,16051_Erfurt,0.16896485,SU35,year,days_with_air_temperature_above_or_equal_threshold,days,7
nan_GERICS_nan_nan_nan_nan_year_SU35,16052_16076_15084_16074_Region_um_Gera,0.21697327,SU35,year,days_with_air_temperature_above_or_equal_threshold,days,7
nan_GERICS_nan_nan_nan_nan_year_SU35,16052_Gera,0.2500034,SU35,year,days_with_air_temperature_above_or_equal_threshold,days,7
nan_GERICS_nan_nan_nan_nan_year_SU35,16053_16074_16071_16055_Region_um_Jena,0.16523443,SU35,year,days_with_air_temperature_above_or_equal_threshold,days,7
nan_GERICS_nan_nan_nan_nan_year_SU35,16053_Jena,0.24810116,SU35,year,days_with_air_temperature_above_or_equal_threshold,days,7
nan_GERICS_nan_nan_nan_nan_year_SU35,16054_16066_16069_16070_Region_um_Suhl,0.011761811,SU35,year,days_with_air_temperature_above_or_equal_threshold,days,7
nan_GERICS_nan_nan_nan_nan_year_SU35,16054_Suhl,0.0,SU35,year,days_with_air_temperature_above_or_equal_threshold,days,7
nan_GERICS_nan_nan_nan_nan_year_SU35,16055_16071_Region_um_Weimar,0.14187989,SU35,year,days_with_air_temperature_above_or_equal_threshold,days,7
nan_GERICS_nan_nan_nan_nan_year_SU35,16055_Weimar,0.12499326,SU35,year,days_with_air_temperature_above_or_equal_threshold,days,7
nan_GERICS_nan_nan_nan_nan_year_SU35,16056_16063_06636_Region_um_Eisenach,0.05198346,SU35,year,days_with_air_temperature_above_or_equal_threshold,days,7
nan_GERICS_nan_nan_nan_nan_year_SU35,16056_Eisenach,0.06858363,SU35,year,days_with_air_temperature_above_or_equal_threshold,days,7
nan_GERICS_nan_nan_nan_nan_year_SU35,16061_Eichsfeld,0.038738072,SU35,year,days_with_air_temperature_above_or_equal_threshold,days,7
nan_GERICS_nan_nan_nan_nan_year_SU35,16062_Nordhausen,0.09371213,SU35,year,days_with_air_temperature_above_or_equal_threshold,days,7
nan_GERICS_nan_nan_nan_nan_year_SU35,16063_Wartburgkreis,0.047164205,SU35,year,days_with_air_temperature_above_or_equal_threshold,days,7
nan_GERICS_nan_nan_nan_nan_year_SU35,16064_Unstrut-Hainich-Kreis,0.12070346,SU35,year,days_with_air_temperature_above_or_equal_threshold,days,7
nan_GERICS_nan_nan_nan_nan_year_SU35,16065_Kyffhäuserkreis,0.15471393,SU35,year,days_with_air_temperature_above_or_equal_threshold,days,7
nan_GERICS_nan_nan_nan_nan_year_SU35,16066_Schmalkalden-Meiningen,0.0018723097,SU35,year,days_with_air_temperature_above_or_equal_threshold,days,7
nan_GERICS_nan_nan_nan_nan_year_SU35,16067_Gotha,0.09215765,SU35,year,days_with_air_temperature_above_or_equal_threshold,days,7
nan_GERICS_nan_nan_nan_nan_year_SU35,16068_Sömmerda,0.2668829,SU35,year,days_with_air_temperature_above_or_equal_threshold,days,7
nan_GERICS_nan_nan_nan_nan_year_SU35,16069_Hildburghausen,0.013789697,SU35,year,days_with_air_temperature_above_or_equal_threshold,days,7
nan_GERICS_nan_nan_nan_nan_year_SU35,16070_Ilm-Kreis,0.026885461,SU35,year,days_with_air_temperature_above_or_equal_threshold,days,7
nan_GERICS_nan_nan_nan_nan_year_SU35,16071_Weimarer Land,0.14381497,SU35,year,days_with_air_temperature_above_or_equal_threshold,days,7
nan_GERICS_nan_nan_nan_nan_year_SU35,16072_Sonneberg,0.0046141697,SU35,year,days_with_air_temperature_above_or_equal_threshold,days,7
nan_GERICS_nan_nan_nan_nan_year_SU35,16073_Saalfeld-Rudolstadt,0.029208655,SU35,year,days_with_air_temperature_above_or_equal_threshold,days,7
nan_GERICS_nan_nan_nan_nan_year_SU35,16074_Saale-Holzland-Kreis,0.1784467,SU35,year,days_with_air_temperature_above_or_equal_threshold,days,7
nan_GERICS_nan_nan_nan_nan_year_SU35,16075_Saale-Orla-Kreis,0.040229965,SU35,year,days_with_air_temperature_above_or_equal_threshold,days,7
nan_GERICS_nan_nan_nan_nan_year_SU35,16076_Greiz,0.10595988,SU35,year,days_with_air_temperature_above_or_equal_threshold,days,7
nan_GERICS_nan_nan_nan_nan_year_SU35,16077_Altenburger Land,0.27187973,SU35,year,days_with_air_temperature_above_or_equal_threshold,days,7
